2026-07-17
266, 264, 263, 261, 260, 258, 257, 256, 255, 254, 253, 252, 213, 212, 
312, 313, 315, 9384, 9385, 9386, 9387, 9388, 9389, 1259, 201, 207, 209, 211,
311, 310, 309, 308,, 307, 306, 304, 303, 301, 9435, 9426, 9425, 9424, 9422,
9419, 9390, 9371, 9370, 9355, 9353, 9345, 9344, 9340, 9339, 9337, 9326, 9320, 9312, 9311, 9310, 9305, 8256, 8003, 8002, 7739, 7733, 7729, 7693, 7692, 7690, 7681, 7680, 7677, 7675, 7663, 7659, 7651, 7649, 7643, 7642, 7640, 7637, 7634, 7631, 7627, 7626, 7624, 7604, 7601, 9383

2026-07-18
266, 264, 263, 261, 260, 258, 257, 256, 255, 254, 253, 252, 213, 212,
211, 209, 207, 201, 1259, 315, 313, 312, 311, 310, 309, 308, 307, 306,
304, 303, 301, 9435, 9434, 9426, 9425, 9424, 9422, 9419, 9390, 9371,
9370, 9359, 9355, 9353, 9345, 9340, 9339, 9337, 9333, 9326, 9320, 
9312, 9311, 9310, 9305, 8257, 8256, 8251, 8002, 7741, 7739, 7735,
7733, 7731, 7729, 7728, 7727, 7723, 7716, 7710, 7702, 7693, 7692, 7690,
7681, 7680, 7677, 7675, 7672, 7663, 7659, 7651, 7649, 7645, 7643, 
7642, 7640, 7637, 7634, 7631, 7627, 7626, 7624, 7623, 7615, 7612, 7604, 7601

2026-05-08
264, 263, 261, 260, 258, 257, 256, 254, 253, 252, 213, 212, 211,
210, 209, 207, 201, 1259, 9389, 9388, 9386, 9384, 9382, 9381, 9379, 9378, 9376,
9375, 315, 313, 312, 311, 310, 309, 307, 306, 304, 303, 301, 268, 9435, 9425, 
9424, 9422, 9420, 9419, 9390, 9380, 9371, 9370, 9360, 9359, 9355, 9353, 
9340, 9339, 9337, 9326, 9320, 9311, 9305, 8002, 8001, 7742, 7741, 7735, 7733, 
7731, 7728, 7727, 7723, 7720, 7719, 7718, 7715, 7711, 7707, 7706, 7701, 7693, 7692,
7672, 7663, 7654, 7645, 7640, 7636, 7632, 7627, 7624, 7623, 7620, 7615, 7612, 7604, 
9390, 9389, 9388, 9386, 9384, 9382, 9381, 9379, 9378, 9376, 9375

